building|base_nights|base_our_T28|base_our_T24|base_our_final|base_mkt_T28|bts_our_T28|bts_our_T24|bts_mkt_T28|bts_mkt_now|base_st_T28|base_st_T24|bts_st_T28|bts_st_T24
AGR 965 - Aurora Greystar|1154|0.0572|0.0763|0.8683|25.4|0.1800|0.2200|53.1|81.2|0.0320|0.0452|0.1633|0.2041
AYH 634 -  Ayra Higienópolis|396|0.1919|0.2071|0.8460|17.7|0.1000|0.1500|40.3|54.5|0.1804|0.1959|0.1053|0.1053
AYM 181 - Ayra Moema|1197|0.0593|0.0752|0.7711|15.3|0.1313|0.1313|54.2|68.3|0.0314|0.0422|0.0947|0.0947
AYR 423 - Ayra Pinheiros|743|0.0848|0.1063|0.7281|20.0|0.0278|0.0278|56.0|65.7|0.0653|0.0838|0.0000|0.0000
CNZ 366 - Caza Noz|505|0.1525|0.1644|0.7010|22.8|0.3000|0.4000|45.7|79.7|0.1354|0.1475|0.3000|0.4000
DGE 197 - Setin Downtown Genebra|270|0.0185|0.0222|0.8481|23.4|0.0000|0.0833|64.3|80.6|0.0112|0.0149|0.0000|0.0833
FYP 441 - For You Paraíso|1224|0.1585|0.1765|0.7998|22.6|0.5714|0.6122|55.4|67.4|0.0979|0.1110|0.5281|0.5730
HBV 189 - Hub Boa Vista|351|0.0826|0.0826|0.8519|20.3|0.0000|0.0714|40.3|47.7|0.0826|0.0826|0.0000|0.0714
HLK 407 - Homelike|460|0.5326|0.5630|0.9522|20.2|0.6944|0.6944|56.3|71.6|0.1800|0.2280|0.5769|0.5769
KAS 99 - Kasa|1436|0.0599|0.0794|0.8224|13.3|0.0603|0.0776|39.0|50.2|0.0559|0.0703|0.0439|0.0614
NUN 61 - Helbor NUN|782|0.0473|0.0575|0.7992|16.7|0.0167|0.0167|42.3|50.3|0.0173|0.0279|0.0000|0.0000
NXB 1333 - Next Bela Cintra|866|0.1316|0.1397|0.7979|22.9|0.1429|0.1429|52.5|66.2|0.1282|0.1364|0.1429|0.1429
NXD 382 - Next Home Design|470|0.0596|0.0723|0.7872|11.9|0.0278|0.0278|37.8|43.3|0.0346|0.0462|0.0278|0.0278
NXF 444 - Next Franca|518|0.0618|0.0927|0.8456|18.4|0.2857|0.2857|52.5|66.2|0.0618|0.0927|0.2857|0.2857
NXH 720 - Next Haddock Lobo|554|0.0830|0.1083|0.8087|23.7|0.0435|0.0870|53.9|68.1|0.0830|0.1083|0.0435|0.0870
NXP 950 - Next Pamplona|1097|0.0693|0.0857|0.7056|23.0|0.1932|0.3068|58.7|67.5|0.0583|0.0740|0.1932|0.3068
NXV 601 - Next Vila Nova|239|0.2929|0.3180|0.7741|14.6|0.3125|0.3750|41.0|51.2|0.1229|0.1341|0.2143|0.2857
OMG 45 - Casa Omaguás|200|0.0450|0.0650|0.7150|21.3|0.0909|0.1591|53.8|66.6|0.0450|0.0650|0.0909|0.1591
ONZ 247 - Onze22|1063|0.0593|0.0668|0.8438|18.0|0.0610|0.1951|44.6|58.8|0.0322|0.0352|0.0253|0.1646
PQJ 155 - Parque Jockey|956|0.0471|0.0544|0.9195|18.8|0.1733|0.1733|49.1|74.4|0.0297|0.0352|0.1733|0.1733
PVF 1304 - Pivô Alameda Franca|736|0.0924|0.1128|0.8356|22.5|0.0833|0.1000|52.2|64.4|0.0862|0.1006|0.0517|0.0690
PVJ 44 - Pivô Jardins|1198|0.0818|0.1052|0.7721|18.3|0.1979|0.1979|49.6|59.9|0.0715|0.0900|0.1979|0.1979
PVN 39 - Pivô Vila Nova|1258|0.0397|0.0636|0.7576|14.9|0.1881|0.2772|42.6|49.0|0.0213|0.0410|0.1919|0.2626
PVP 936 - Pivô Pamplona|1602|0.1642|0.1923|0.7597|23.2|0.3403|0.3819|56.6|66.9|0.1504|0.1758|0.3214|0.3643
SCN 59 - Share Consolação|240|0.1333|0.1500|0.8500|23.8|0.2727|0.3636|54.9|70.5|0.0901|0.1081|0.2727|0.3636
SPZ 648 - Share Perdizes|1417|0.0981|0.1397|0.8363|21.2|0.3077|0.3750|52.9|66.1|0.0846|0.1257|0.2941|0.3627
TOF 1485 - Terraço Oscar Freire|696|0.1379|0.1537|0.8290|21.3|0.1296|0.1481|50.4|66.8|0.1150|0.1313|0.0962|0.1154
URB 172 - Urbic Vila Mariana|1221|0.1687|0.1818|0.8133|18.7|0.4216|0.5392|49.8|63.6|0.1599|0.1724|0.4216|0.5392
