ev|building|units|occ|occ_mt|booked_last7d|adr_booked|ask_unsold|mkt_occ|mkt_median_booked|mkt_p50|mkt_p75|mkt_p90|pct_unsold_above_p75|unit_nights
BTS|AGR 965 - Aurora Greystar|50.0|0.220|0.020|0.110|311|456|0.814|239|294|459|744|0.154|100
BTS|AYH 634 -  Ayra Higienópolis|20.0|0.150|0.050|0.050|544|543|0.567|205|295|499|619|0.706|40
BTS|AYM 181 - Ayra Moema|49.5|0.131|0.040|0.000|440|821|0.721|272|371|491|652|1.000|99
BTS|AYR 423 - Ayra Pinheiros|36.0|0.028|0.028|0.000|545|964|0.684|430|505|626|774|1.000|72
BTS|CNZ 366 - Caza Noz|20.0|0.400|0.000|0.125|316|354|0.785|267|271|421|572|0.000|40
BTS|DGE 197 - Setin Downtown Genebra|12.0|0.083|0.000|0.083|269|617|0.825|182|247|341|429|1.000|24
BTS|FYP 441 - For You Paraíso|49.0|0.612|0.092|0.194|385|687|0.675|314|435|534|747|0.974|98
BTS|HBV 189 - Hub Boa Vista|14.0|0.071|0.000|0.071|505|466|0.561|260|327|443|554|1.000|28
BTS|HLK 407 - Homelike|18.0|0.694|0.278|0.028|399|588|0.692|328|438|586|830|0.545|36
BTS|KAS 99 - Kasa|58.0|0.078|0.017|0.017|397|407|0.501|305|442|547|765|0.000|116
BTS|NUN 61 - Helbor NUN|30.0|0.017|0.017|0.000|386|650|0.478|423|516|705|847|0.034|60
BTS|NXB 1333 - Next Bela Cintra|35.0|0.143|0.000|0.000|515|680|0.685|347|485|672|941|0.533|70
BTS|NXD 382 - Next Home Design|18.0|0.028|0.000|0.000|262|409|0.456|425|504|667|842|0.000|36
BTS|NXF 444 - Next Franca|21.0|0.286|0.000|0.000|396|638|0.631|337|447|564|713|0.800|42
BTS|NXH 720 - Next Haddock Lobo|23.0|0.087|0.000|0.065|531|737|0.688|365|487|687|997|0.595|46
BTS|NXP 950 - Next Pamplona|44.0|0.307|0.000|0.170|392|631|0.687|352|459|584|768|0.852|88
BTS|NXV 601 - Next Vila Nova|8.0|0.375|0.125|0.125|352|525|0.511|317|452|599|780|0.400|16
BTS|OMG 45 - Casa Omaguás|22.0|0.159|0.000|0.114|375|441|0.693|321|407|549|767|0.000|44
BTS|ONZ 247 - Onze22|41.0|0.195|0.037|0.159|270|413|0.599|255|400|515|646|0.000|82
BTS|PQJ 155 - Parque Jockey|37.5|0.173|0.000|0.000|444|762|0.724|360|455|648|830|1.000|75
BTS|PVF 1304 - Pivô Alameda Franca|30.0|0.100|0.033|0.017|1079|947|0.652|368|511|725|946|0.963|60
BTS|PVJ 44 - Pivô Jardins|48.0|0.198|0.000|0.052|497|600|0.622|337|454|599|825|0.286|96
BTS|PVN 39 - Pivô Vila Nova|50.5|0.277|0.020|0.139|419|488|0.515|445|515|671|822|0.055|101
BTS|PVP 936 - Pivô Pamplona|72.0|0.382|0.028|0.146|510|731|0.695|378|486|641|852|0.843|144
BTS|SCN 59 - Share Consolação|11.0|0.364|0.000|0.091|660|636|0.693|482|560|939|1289|0.571|22
BTS|SPZ 648 - Share Perdizes|52.0|0.375|0.019|0.125|437|399|0.581|399|484|669|922|0.000|104
BTS|TOF 1485 - Terraço Oscar Freire|27.0|0.148|0.037|0.074|611|797|0.640|469|570|804|1185|0.630|54
BTS|URB 172 - Urbic Vila Mariana|51.0|0.539|0.000|0.333|268|439|0.649|254|358|463|552|0.043|102
F1|AGR 965 - Aurora Greystar|50.0|0.060|0.020|0.020|285|271|0.324|185|239|359|463|0.000|150
F1|AYH 634 -  Ayra Higienópolis|20.0|0.100|0.050|0.050|401|488|0.166|208|272|418|655|0.796|60
F1|AYM 181 - Ayra Moema|50.0|0.160|0.040|0.007|449|686|0.285|262|492|579|728|0.873|150
F1|AYR 423 - Ayra Pinheiros|36.0|0.028|0.028|0.000|545|1080|0.309|368|551|690|843|1.000|108
F1|CNZ 366 - Caza Noz|20.0|0.067|0.000|0.000|279|192|0.191|242|246|320|391|0.000|60
F1|FYP 441 - For You Paraíso|49.0|0.136|0.082|0.020|285|542|0.259|262|426|539|717|0.299|147
F1|HBV 189 - Hub Boa Vista|14.0|0.643|0.000|0.190|785|704|0.540|342|426|604|823|1.000|42
F1|HLK 407 - Homelike|17.0|0.510|0.294|0.039|385|564|0.383|298|435|581|788|0.240|51
F1|KAS 99 - Kasa|58.0|0.080|0.017|0.000|334|436|0.314|272|482|620|788|0.000|174
F1|NUN 61 - Helbor NUN|29.7|0.056|0.000|0.000|668|771|0.307|417|573|848|1056|0.036|89
F1|NXB 1333 - Next Bela Cintra|35.0|0.029|0.000|0.000|254|718|0.409|297|486|694|896|0.696|105
F1|NXD 382 - Next Home Design|18.0|0.056|0.000|0.056|438|583|0.249|427|595|830|1008|0.000|54
F1|NXF 444 - Next Franca|21.0|0.095|0.000|0.000|317|606|0.320|322|497|640|798|0.123|63
F1|NXP 950 - Next Pamplona|44.0|0.045|0.000|0.045|381|601|0.379|336|487|638|825|0.278|132
F1|NXV 601 - Next Vila Nova|8.0|0.125|0.125|0.000|328|557|0.270|273|533|692|891|0.143|24
F1|OMG 45 - Casa Omaguás|22.0|0.076|0.000|0.030|355|431|0.378|292|389|511|717|0.000|66
F1|PQJ 155 - Parque Jockey|38.0|0.053|0.000|0.035|628|735|0.436|297|408|587|852|1.000|114
F1|PVF 1304 - Pivô Alameda Franca|30.0|0.122|0.033|0.022|1312|1032|0.403|328|491|736|953|1.000|90
F1|PVJ 44 - Pivô Jardins|48.0|0.063|0.000|0.021|596|638|0.268|318|472|671|875|0.289|144
F1|PVN 39 - Pivô Vila Nova|51.0|0.261|0.020|0.039|518|643|0.343|441|605|859|1027|0.053|153
F1|PVP 936 - Pivô Pamplona|71.7|0.149|0.014|0.037|442|749|0.400|354|502|675|899|0.710|215
F1|SCN 59 - Share Consolação|11.0|0.091|0.000|0.091|464|480|0.422|512|546|840|1201|0.400|33
F1|SPZ 648 - Share Perdizes|53.0|0.107|0.000|0.013|435|306|0.175|390|451|629|919|0.000|159
F1|TOF 1485 - Terraço Oscar Freire|27.0|0.074|0.037|0.000|592|795|0.398|466|609|903|1301|0.600|81
F1|URB 172 - Urbic Vila Mariana|51.0|0.176|0.020|0.046|231|353|0.216|208|353|446|574|0.000|153
