night|n_listings|mkt_occ_now_or_final|pre0|pre3|pre7|pre14|pre21|pre28|mkt_price
2025-10-31|177|65.2|49.8|45.5|39.8|31.8|25.4|19.8|294
2025-11-01|177|61.8|45.0|40.2|36.6|29.3|22.6|18.5|296
2025-11-06|180|87.3|63.5|57.6|46.8|41.8|34.7|28.7|354
2025-11-07|180|95.4|72.5|66.7|57.5|51.3|44.0|37.4|399
2025-11-08|180|96.1|72.5|66.3|58.2|52.5|45.3|38.0|395
2026-10-30|255|64.0||||||49.3|363
2026-10-31|255|58.9||||||50.5|347
2026-11-05|255|27.3||||||333
2026-11-06|255|33.3||||||338
2026-11-07|255|33.0||||||331
